lb = 44
iterals [19, 7, 2, 21, 20, 1, 8, 13, 9, 11, 16, 12, 6, 18, 15, 5, 4, 17, 10, 14, 22, 3]
weight {1: 0, 2: 7, 3: 7, 4: 7, 5: 9, 6: 4, 7: 1, 8: 5, 9: 5, 10: 1, 11: 5, 12: 3, 13: 2, 14: 10, 15: 2, 16: 5, 17: 5, 18: 3, 19: 4, 20: 3, 21: 6, 22: 8}
group {7: [[7, 19], 0], 19: [[7, 19], 0], 1: [[1, 20, 21, 2], 1], 20: [[1, 20, 21, 2], 1], 21: [[1, 20, 21, 2], 1], 2: [[1, 20, 21, 2], 1], 13: [[13, 8], 2], 8: [[13, 8], 2], 12: [[12, 9, 11, 16], 3], 9: [[12, 9, 11, 16], 3], 11: [[12, 9, 11, 16], 3], 16: [[12, 9, 11, 16], 3], 15: [[15, 18, 6], 4], 18: [[15, 18, 6], 4], 6: [[15, 18, 6], 4], 10: [[10, 17, 4, 5], 5], 17: [[10, 17, 4, 5], 5], 4: [[10, 17, 4, 5], 5], 5: [[10, 17, 4, 5], 5], 22: [[22, 14], 6], 14: [[22, 14], 6], 3: [[3], 7]}
dp {1, 2, 4, 5, 6, 7, 8, 9, 10, 11, 12, 13, 15, 16, 17, 18, 19, 20, 21} exp (1, 2, 3, 4, 5, 6, 7, 8, 9, 10, 11, 12, 13, 15, 16, 17, 18, 19, 20, 21) False



1 2 
{1, 2, 3, 4, 6, 7, 9, 10, 11, 12, 13, 14, 15, 16, 17, 18, 20, 21, 22}
literals [8, 5, 6, 13, 1, 16, 12, 17, 3, 9, 11, 10, 14, 2, 4, 7, 15]
weight {1: 10, 2: 5, 3: 9, 4: 3, 5: 9, 6: 0, 7: 9, 8: 10, 9: 2, 10: 8, 11: 0, 12: 6, 13: 9, 14: 9, 15: 7, 16: 10, 17: 3}
group {6: [[6, 5, 8], 0], 5: [[6, 5, 8], 0], 8: [[6, 5, 8], 0], 13: [[13], 1], 17: [[17, 12, 1, 16], 2], 12: [[17, 12, 1, 16], 2], 1: [[17, 12, 1, 16], 2], 16: [[17, 12, 1, 16], 2], 9: [[9, 3], 3], 3: [[9, 3], 3], 11: [[11], 5], 10: [[10], 6], 4: [[4, 2, 14], 7], 2: [[4, 2, 14], 7], 14: [[4, 2, 14], 7], 15: [[15, 7], 8], 7: [[15, 7], 8]}


literals [21, 1, 8, 19, 13, 9, 14, 3, 16, 4, 5, 7, 11, 15, 6, 18, 12, 20, 10, 2, 17]
weight {1: 8, 2: 4, 3: 10, 4: 3, 5: 2, 6: 2, 7: 2, 8: 8, 9: 9, 10: 7, 11: 5, 12: 10, 13: 0, 14: 5, 15: 5, 16: 2, 17: 0, 18: 1, 19: 3, 20: 9, 21: 9}
group {13: [[13, 19, 1, 8, 21], 0], 19: [[13, 19, 1, 8, 21], 0], 1: [[13, 19, 1, 8, 21], 0], 8: [[13, 19, 1, 8, 21], 0], 21: [[13, 19, 1, 8, 21], 0], 14: [[14, 9], 2], 9: [[14, 9], 2], 16: [[16, 3], 3], 3: [[16, 3], 3], 5: [[5, 7, 4], 4], 7: [[5, 7, 4], 4], 4: [[5, 7, 4], 4], 18: [[18, 6, 11, 15], 5], 6: [[18, 6, 11, 15], 5], 11: [[18, 6, 11, 15], 5], 15: [[18, 6, 11, 15], 5], 2: [[2, 10, 20, 12], 6], 10: [[2, 10, 20, 12], 6], 20: [[2, 10, 20, 12], 6], 12: [[2, 10, 20, 12], 6], 17: [[17], 7]}

literals [8, 15, 5, 18, 6, 16, 1, 10, 11, 13, 3, 2, 17, 9, 12, 7, 4, 14, 19]
weight {1: 2, 2: 10, 3: 2, 4: 3, 5: 5, 6: 10, 7: 4, 8: 9, 9: 9, 10: 2, 11: 5, 12: 7, 13: 4, 14: 3, 15: 6, 16: 7, 17: 10, 18: 4, 19: 2}
group {18: [[18, 5, 15, 8], 0], 5: [[18, 5, 15, 8], 0], 15: [[18, 5, 15, 8], 0], 8: [[18, 5, 15, 8], 0], 1: [[1, 10, 16, 6], 1], 10: [[1, 10, 16, 6], 1], 16: [[1, 10, 16, 6], 1], 6: [[1, 10, 16, 6], 1], 3: [[3, 13, 11], 2], 13: [[3, 13, 11], 2], 11: [[3, 13, 11], 2], 7: [[7, 12, 9, 2, 17], 3], 12: [[7, 12, 9, 2, 17], 3], 9: [[7, 12, 9, 2, 17], 3], 2: [[7, 12, 9, 2, 17], 3], 17: [[7, 12, 9, 2, 17], 3], 19: [[19, 4, 14], 4], 4: [[19, 4, 14], 4], 14: [[19, 4, 14], 4]}

lb 38
literals [16, 2, 6, 13, 1, 5, 11, 15, 18, 19, 17, 10, 14, 12, 9, 3, 7, 8, 4]
weight {1: 1, 2: 2, 3: 7, 4: 2, 5: 9, 6: 3, 7: 7, 8: 6, 9: 8, 10: 5, 11: 9, 12: 10, 13: 2, 14: 2, 15: 8, 16: 8, 17: 6, 18: 8, 19: 7}
group {2: [[2, 16], 0], 16: [[2, 16], 0], 1: [[1, 13, 6], 1], 13: [[1, 13, 6], 1], 6: [[1, 13, 6], 1], 14: [[14, 10, 17, 19, 15, 18, 5, 11], 2], 10: [[14, 10, 17, 19, 15, 18, 5, 11], 2], 17: [[14, 10, 17, 19, 15, 18, 5, 11], 2], 19: [[14, 10, 17, 19, 15, 18, 5, 11], 2], 15: [[14, 10, 17, 19, 15, 18, 5, 11], 2], 18: [[14, 10, 17, 19, 15, 18, 5, 11], 2], 5: [[14, 10, 17, 19, 15, 18, 5, 11], 2], 11: [[14, 10, 17, 19, 15, 18, 5, 11], 2], 4: [[4, 8, 3, 7, 9, 12], 3], 8: [[4, 8, 3, 7, 9, 12], 3], 3: [[4, 8, 3, 7, 9, 12], 3], 7: [[4, 8, 3, 7, 9, 12], 3], 9: [[4, 8, 3, 7, 9, 12], 3], 12: [[4, 8, 3, 7, 9, 12], 3]}

literals [15, 14, 6, 1, 13, 11, 9, 7, 8, 16, 10, 3, 18, 17, 2, 4, 12, 5]
weight {1: 7, 2: 6, 3: 2, 4: 6, 5: 4, 6: 9, 7: 1, 8: 6, 9: 3, 10: 8, 11: 5, 12: 5, 13: 9, 14: 6, 15: 8, 16: 9, 17: 1, 18: 4}
group {14: [[14, 15], 0], 15: [[14, 15], 0], 1: [[1, 6], 1], 6: [[1, 6], 1], 7: [[7, 9, 11, 13], 2], 9: [[7, 9, 11, 13], 2], 11: [[7, 9, 11, 13], 2], 13: [[7, 9, 11, 13], 2], 8: [[8], 3], 16: [[16], 4], 10: [[10], 5], 3: [[3], 6], 17: [[17, 18], 7], 18: [[17, 18], 7], 5: [[5, 12, 2, 4], 8], 12: [[5, 12, 2, 4], 8], 2: [[5, 12, 2, 4], 8], 4: [[5, 12, 2, 4], 8]}